4294967278,425
4294967279,479
4294967278,419
4294967278,412
4294967279,307
4294967279,288
4294967294,258
4294967278,446
4294967278,131
4294967278,119
4294967279,4
4294967278,141
4294967278,140
4294967278,139
4294967279,271
4294967278,282
4294967278,266
4294967278,264
4294967279,265
4294967279,439
4294967279,258
4294967278,337
4294967278,254
4294967294,477
4294967278,248
4294967278,353
4294967279,242
4294967279,240
4294967279,260
4294967278,237
4294967278,228
3386,5
3386,4
3386,3
3386,2
3386,1
4294967278,319
4294967279,230
4294967278,286
4294967279,477
4294967278,106
4294967278,220
4294967279,218
4294967279,280
4294967279,213
4294967278,213
4294967278,128
4294967278,345
4294967278,103
4294967278,100
4294967278,90
4294967278,67
4294967278,64
4294967278,318
4294967278,260
4294967278,322
4294967279,294
4294967279,431
4294967279,7
4294967278,356
4294967279,298
4294967279,437
4294967278,203
4294967278,202
4294967278,201
4294967279,202
3383,5
4294967279,201
3383,4
4294967278,199
3383,3
3383,2
3383,1
4294967279,197
4294967278,352
4294967279,400
4294967279,436
4294967279,196
4294967278,194
4294967278,193
4294967279,194
4294967278,78
4294967279,484
4294967278,77
4294967279,309
4294967278,188
4294967294,37
4294967294,39
4294967278,187
4294967279,188
4294967279,186
4294967278,182
4294967278,184
3381,5
4294967279,185
3381,4
4294967278,183
3381,3
3381,2
3381,1
4294967279,184
4294967294,40
4294967279,181
4294967278,68
4294967278,405
4294967279,435
4294967279,289
4294967279,180
4294967279,179
4294967278,177
4294967278,351
4294967278,174
4294967279,178
4294967278,176
4294967279,175
4294967278,175
4294967278,442
4294967279,434
4294967279,388
4294967278,173
3379,5
4294967279,173
4294967278,171
3379,4
3379,3
3379,2
3379,1
4294967278,431
4294967279,171
4294967278,168
3378,5
3378,4
4294967278,164
3378,3
3378,2
3378,1
4294967278,163
4294967279,163
4294967279,48
4294967294,479
4294967279,384
4294967278,447
4294967279,160
4294967294,120
4294967294,107
4294967279,508
4294967279,507
4294967279,43
4294967279,399
4294967278,317
4294967279,153
4294967278,406
4294967279,433
4294967278,310
4294967279,432
4294967279,410
4294967278,149
4294967279,149
4294967279,147
4294967279,146
3377,6
3377,5
3377,4
3377,3
3377,2
3377,1
4294967278,0
4294967294,76
4294967278,309
4294967294,413
4294967294,179
4294967294,420
4294967294,384
4294967294,425
4294967294,411
4294967294,168
4294967294,213
4294967294,403
4294967294,468
4294967294,458
4294967294,397
4294967294,410
4294967279,139
4294967278,138
4294967294,44
4294967294,251
4294967294,29
4294967279,26
4294967279,279
4294967278,276
4294967279,137
4294967278,136
4294967278,135
4294967279,135
4294967278,272
4294967278,134
4294967278,133
4294967278,436
4294967294,43
4294967294,42
4294967279,273
4294967278,269
4294967294,45
4294967279,272
4294967294,393
4294967278,268
4294967294,52
4294967294,417
4294967294,51
4294967294,82
4294967278,349
4294967294,88
4294967294,87
4294967294,85
4294967294,1419
4294967294,83
4294967279,316
4294967279,0
4294967279,504
4294967278,279
4294967278,277
4294967279,287
4294967294,92
4294967294,91
4294967279,267
4294967278,217
4294967279,266
4294967278,263
4294967278,278
4294967279,284
4294967278,261
3374,6
4294967279,263
3374,5
3374,4
4294967279,262
3374,3
3374,2
3374,1
4294967294,5
4294967294,81
4294967294,50
4294967278,361
4294967278,340
4294967279,406
4294967278,339
4294967279,405
4294967278,338
4294967279,404
4294967278,336
4294967279,424
4294967279,402
4294967278,335
4294967279,255
4294967278,334
4294967279,254
4294967278,253
4294967279,253
4294967278,252
4294967279,250
4294967294,1422
4294967294,419
4294967278,250
4294967279,249
4294967278,400
4294967278,244
4294967279,396
4294967278,242
4294967294,254
4294967294,220
4294967294,267
4294967278,116
4294967278,240
4294967278,435
4294967279,493
4294967278,238
4294967279,238
4294967279,237
4294967278,236
4294967278,230
4294967279,236
3371,6
4294967278,234
3371,5
4294967279,234
3371,4
4294967278,232
3371,3
3371,2
3371,1
4294967278,399
4294967279,232
4294967279,392
4294967278,398
4294967279,226
4294967294,9
4294967278,222
4294967294,222
4294967294,221
4294967279,222
4294967279,299
4294967279,220
4294967278,218
4294967278,216
4294967279,216
4294967278,212
4294967278,214
4294967279,214
4294967278,211
4294967279,212
4294967278,210
4294967279,211
4294967278,209
4294967279,210
4294967278,208
4294967278,439
4294967278,204
4294967279,205
4294967279,204
4294967278,197
3368,7
3368,6
3368,5
4294967279,200
3368,4
4294967278,198
3368,3
3368,2
3368,1
4294967279,195
4294967278,192
4294967278,191
4294967279,191
4294967294,6
4294967279,190
4294967279,189
4294967294,89
4294967279,231
4294967294,441
4294967279,308
4294967279,293
4294967294,38
4294967294,36
4294967279,183
4294967279,275
4294967278,181
4294967279,182
4294967278,179
4294967278,178
4294967278,170
3364,4
3364,3
3364,2
3364,1
4294967279,465
4294967278,169
4294967279,170
4294967278,167
4294967294,203
4294967279,168
3363,4
4294967278,166
3363,3
3363,2
3363,1
4294967278,418
4294967279,167
4294967278,165
4294967279,166
4294967294,250
4294967278,162
4294967294,264
4294967279,165
4294967279,164
3362,5
4294967294,22
4294967278,161
4294967279,162
4294967278,160
3362,4
4294967279,161
3362,3
3362,2
3362,1
4294967278,159
4294967278,158
4294967279,159
4294967278,157
3361,4
4294967279,158
3361,3
3361,2
3361,1
4294967279,421
4294967278,156
4294967294,396
4294967294,409
4294967294,1420
4294967294,186
4294967294,207
4294967294,407
4294967294,253
4294967294,453
4294967294,456
4294967294,466
4294967294,459
4294967294,451
4294967294,467
4294967294,119
4294967294,1
4294967294,389
4294967294,115
4294967294,46
4294967278,153
4294967279,155
4294967279,154
3360,5
4294967294,17
4294967294,99
4294967278,152
4294967278,151
3360,4
3360,3
3360,2
3360,1
0,5
4294967278,150
4294967279,150
4294967278,384
4294967278,148
4294967279,148
4294967278,147
3359,4
4294967278,146
3359,3
3359,2
3359,1
4294967278,424
0,7
4294967294,0
4294967278,145
4294967279,145
